00100100
00100010
00000000
00000001
00100100
01100100
00000000
00000010
00100100
10100110
00000000
00000100
00100100
11101000
00000000
00001000
00100101
00001001
00000000
00010000
00100101
00101010
00000000
00100000
00100101
01001011
00000000
01000000
00100101
01101100
00000000
10000000
00100101
10001101
00000001
00000000
00100101
10101110
00000000
10000000
00100101
11001111
00000001
00000000
00100101
11110000
00000010
00000000
00100110
00010001
00000100
00000000
00100110
00110010
00001000
00000000
00100110
01010011
00010000
00000000
00100110
01110100
00100000
00000000
00100110
10010101
00000000
00000001
00100110
10110110
00010000
00000000
00100110
11010111
00010000
00000000
00100110
11111000
00000000
00000001
00100111
00011001
00000000
00000010
00100111
00111010
00000000
00000100
00100111
01011011
00000000
00001000
00100111
01111100
00000000
00010000
00100111
10011101
00000000
00100000
00100111
10111110
00000000
01000000
00100111
11011111
00000000
00000001
10001100
00100000
00000000
00000000
10001100
00100010
00000000
00000000
10001100
00100011
00000000
00000000
10001100
00100100
00000000
00000000
10001100
00100101
00000000
00000000
10001100
00100110
00000000
00000000
10001100
00100111
00000000
00000000
10001100
00101000
00000000
00000000
10001100
00101001
00000000
00000000
10001100
00101010
00000000
00000000
10001100
00101011
00000000
00000000
10001100
00101100
00000000
00000000
10001100
00101101
00000000
00000000
10001100
00101110
00000000
00000000
10001100
00101111
00000000
00000000
10001100
00110000
00000000
00000000
10001100
00110001
00000000
00000000
10001100
00110010
00000000
00000000
10001100
00110011
00000000
00000000
10001100
00110100
00000000
00000000
10001100
00110101
00000000
00000000
10001100
00110110
00000000
00000000
10001100
00110111
00000000
00000000
10001100
00111000
00000000
00000000
10001100
00111001
00000000
00000000
10001100
00111010
00000000
00000000
10001100
00111011
00000000
00000000
10001100
00111100
00000000
00000000
10001100
00111101
00000000
00000000
10001100
00111110
00000000
00000000
10001100
00111111
00000000
00000000
10101100
00100010
00000000
00001000
10101100
00100010
00000000
00001100
10101100
00100010
00000000
00010000
10101100
00100010
00000000
00010010
10101100
00100010
00000000
00010110
10101100
00100010
00000000
00011010
10101100
00100010
00000000
00100000
10101100
00100010
00000000
00100100
10101100
00100010
00000000
00101000
10101100
00100010
00000000
00101100
10101100
00100010
00000000
00110000
10101100
00100010
00000000
00110100
10101100
00100010
00000000
00111000
10101100
00100010
00000000
00111100
10101100
00100010
00000000
01000000
10101100
00100010
00000000
01000100
10101100
00100010
00000000
01001000
10101100
00100010
00000000
01001100
10101100
00100010
00000000
01010000
10101100
00100010
00000000
01010100
10101100
00100010
00000000
01011000
10101100
00100010
00000000
01011100
10101100
00100010
00000000
01100000
10101100
00100010
00000000
01100100
11111111
11111111
11111111
11111111
